8 0.05090531260602251 0.194087449355499 0.039248527674814196 0.11759658000477255
7 0.6268750794810635 0.077728294716725 0.01836061960011346 0.03379374466899989
9 0.35445198637463793 0.7893379567154523 0.04369049101432534 0.11061987400540882
20 0.04722229581579953 0.5788158906747268 0.058943468781806764 0.1225113466740904
19 0.42925852421625316 0.7175816827259518 0.05337551506094247 0.14196987133990877
19 0.4514733193142625 0.8170186087284972 0.022276793283910835 0.056486357336090975
13 0.9241121780297845 0.8028192013844521 0.011919646641955417 0.02825226933481808
13 0.8784946323836212 0.9053714893777707 0.013400301088459087 0.025926700668363622
20 0.9123661461786192 0.8019015913828614 0.013400301088459087 0.025926700668363622
13 0.7713344076113646 0.855706749363453 0.01876984736759484 0.04551249466899989
