9 0.3017247016488899 0.42954690527754735 0.15693208812453677 0.1455256964186109
11 0.6330915703105565 0.21129448275166762 0.11038927879370349 0.12749886635259244
0 0.64921875 0.046875 0.0984375 0.09375
22 0.01328125 0.71796875 0.0265625 0.1390625
23 0.80625 0.54609375 0.134375 0.0546875
23 0.7785899980202325 0.8920543416113895 0.02370063162115734 0.049365012959490785
23 0.8076917376526399 0.905013671394584 0.01750942021680544 0.03176740984921302
23 0.7147325495753714 0.895315334118519 0.025565927992499925 0.04410131451462966
23 0.6263439928364363 0.9131268421770373 0.02600542540060178 0.04026341503300923
23 0.5751526397261585 0.9222571258717132 0.02508747436384251 0.038632564514629666
