7 0.00859375 0.91875 0.0171875 0.1375
7 0.20744187880112416 0.8782236514074301 0.05378859621281205 0.11529899810013902
7 0.4921875 0.84140625 0.034375 0.0796875
22 0.996875 0.8171875 0.00625 0.03125
13 0.9475634056338997 0.8261331681249301 0.011096581283893413 0.027598323138263936
13 0.9048532099868216 0.7372713430868052 0.011082945745273775 0.025254573138263937
13 0.7344861678323439 0.7318604105254858 0.011101126463433086 0.028379573138263937
13 0.6858673815315987 0.8361309896476733 0.012649990924813715 0.026072190729444424
20 0.722762872652804 0.7313519174593399 0.012649990924813715 0.026072190729444424
13 0.5801168304001305 0.790148302052361 0.017451120413308985 0.04571254350298606
