23 0.30443478260869566 0.10332894736842105 0.11629249011857709 0.2065
23 0.6601264822134387 0.4143552631578948 0.036466403162055336 0.07344736842105264
23 0.9546877470355731 0.25267105263157896 0.07430830039525692 0.12385526315789473
23 0.31444268774703554 0.5266973684210526 0.022956521739130435 0.04028947368421053
23 0.34640316205533594 0.5477631578947368 0.018964426877470353 0.03323684210526316
23 0.2494782608695652 0.5286447368421052 0.021675889328063244 0.03685526315789474
23 0.16418181818181818 0.5391710526315789 0.0161501976284585 0.028342105263157894
23 0.11169169960474308 0.5424210526315789 0.01837154150197628 0.030223684210526316
20 0.9496284584980237 0.38151315789473683 0.07462450592885377 0.12006578947368421
8 0.6847667984189724 0.5512105263157895 0.03810276679841897 0.10898684210526316
