8 0.0859375 0.4046875 0.015625 0.1296875
7 0.14921875 0.3828125 0.021875 0.07734375
7 0.25546875 0.359375 0.0171875 0.06953125
7 0.3625 0.3296875 0.0125 0.0546875
7 0.46796875 0.30546875 0.01171875 0.05703125
7 0.40078125 0.27890625 0.00546875 0.02109375
7 0.29921875 0.2859375 0.00546875 0.0265625
7 0.209375 0.28828125 0.0046875 0.02421875
7 0.1375 0.2921875 0.00625 0.02578125
7 0.05625 0.29609375 0.00625 0.02421875
7 0.8453125 0.24453125 0.00859375 0.04296875
7 0.98828125 0.2328125 0.009375 0.04140625
12 0.57109375 0.3796875 0.090625 0.35078125
7 0.7375 0.26015625 0.01015625 0.0453125
