7 0.32511745222143035 0.13370032197021525 0.11571454721387227 0.16621033175849825
8 0.03203125 0.184375 0.0640625 0.275
16 0.978125 0.259375 0.04375 0.215625
8 0.047007862773008904 0.7798114963718029 0.023178436718763473 0.13023313702330858
7 0.10901503910960302 0.7557266664274033 0.02637976045275652 0.078107641832632
7 0.21389996018452528 0.728578834668905 0.021237234144397286 0.07013145072563934
7 0.3192021102127601 0.6951537210592414 0.0156851841585147 0.05512400961864685
7 0.42326027865684657 0.6672519211519087 0.015040442051022396 0.05744047776748147
7 0.35452568920842503 0.6430356603521354 0.0066973210325699025 0.02128472295815804
7 0.25337271288594837 0.6536135510036412 0.007015839448421435 0.026753472958158043
7 0.16366547077845617 0.6590947138876653 0.0060980815559136484 0.02438244110699257
7 0.09201798393263579 0.6655108941948846 0.007751586817585476 0.025999504809323427
7 0.010995497086815399 0.6722544567160892 0.007660581555913671 0.024437004809323426
12 0.4875 0.73671875 0.025 0.3546875
9 0.8882999916839692 0.6904290155242786 0.10404129984470831 0.16658235399101678
