12 0.55703125 0.40390625 0.08828125 0.240625
7 0.159375 0.403125 0.02109375 0.0546875
7 0.2578125 0.3875 0.01484375 0.04921875
7 0.3578125 0.36484375 0.0140625 0.0453125
7 0.45546875 0.3515625 0.01328125 0.03359375
7 0.2984375 0.33671875 0.00625 0.0171875
7 0.2140625 0.33984375 0.00546875 0.02109375
7 0.14921875 0.3421875 0.00703125 0.02265625
7 0.71640625 0.3203125 0.009375 0.02890625
7 0.82265625 0.31015625 0.00859375 0.02421875
7 0.9640625 0.303125 0.00703125 0.025
8 0.1015625 0.41640625 0.01328125 0.08828125
