19 0.2485668508889889 0.34150293140352767 0.08663861485312836 0.12611112141421188
13 0.745297813925346 0.17961056661273772 0.04631676166892955 0.06160218811176765
22 0.9734375 0.209375 0.053125 0.11875
13 0.030136102096936936 0.7963194061757842 0.018367233789142467 0.034139387023308564
13 0.09808848982888248 0.6700817991895425 0.01659743969849794 0.04108879146981224
13 0.29791314664662344 0.6747891134400276 0.017458438031508018 0.032549605172143184
13 0.33833123936984055 0.7808828568166056 0.01817591515269079 0.031795637023308565
22 0.4181143342190895 0.7578421717000628 0.0188136439408634 0.039608137023308565
20 0.0829896483136134 0.6737251543616857 0.01815993969849794 0.04114335517214318
10 0.5869590265026613 0.8472891730508252 0.12002494182452983 0.17246033175849823
